# Gegevens opslaan in de variabele lengte.
lengtes <- c(198, 195, 193, 202, 185, 186, 172, 185)

# Vierde speler selecteren.
lengte_speler4 <- lengtes[4]