- tab: Feedback
  contexts:
  - testcases:
    - expression: is_magisch([[128, 1, 32], [4, 16, 64], [8, 256, 2]])
      description:
        description: "is_magisch([[128,   1,  32],\n            [  4,  16,  64],\n\
          \            [  8, 256,   2]])"
        format: python
      return: true
  - testcases:
    - expression: is_magisch([[128, 1, 32], [8, 256, 2], [4, 16, 64]])
      description:
        description: "is_magisch([[128,   1,  32],\n            [  8, 256,   2],\n\
          \            [  4,  16,  64]])"
        format: python
      return: false
  - testcases:
    - expression: is_magisch([[18, 1, 12], [4, 6, 9], [3, 36, 2]])
      description:
        description: "is_magisch([[18,  1, 12],\n            [ 4,  6,  9],\n     \
          \       [ 3, 36,  2]])"
        format: python
      return: true
  - testcases:
    - expression: is_magisch([[256, 8, 16], [2, 32, 512], [64, 128, 4]])
      description:
        description: "is_magisch([[256,   8,  16],\n            [  2,  32, 512],\n\
          \            [ 64, 128,   4]])"
        format: python
      return: true
  - testcases:
    - expression: is_magisch([[64, 2, 256], [128, 32, 8], [4, 512, 16]])
      description:
        description: "is_magisch([[ 64,   2, 256],\n            [128,  32,   8],\n\
          \            [  4, 512,  16]])"
        format: python
      return: true
  - testcases:
    - expression: is_magisch([[16, 8, 256], [512, 32, 2], [128, 4, 64]])
      description:
        description: "is_magisch([[ 16,   8, 256],\n            [512,  32,   2],\n\
          \            [128,   4,  64]])"
        format: python
      return: false
  - testcases:
    - expression: is_magisch([[1, 15, 24, 14], [12, 28, 3, 5], [21, 6, 10, 4], [20,
        2, 7, 18]])
      description:
        description: "is_magisch([[ 1, 15, 24, 14],\n            [12, 28,  3,  5],\n\
          \            [21,  6, 10,  4],\n            [20,  2,  7, 18]])"
        format: python
      return: true
  - testcases:
    - expression: is_magisch([[1, 15, 24, 14], [21, 28, 3, 5], [12, 6, 10, 4], [20,
        2, 7, 18]])
      description:
        description: "is_magisch([[ 1, 15, 24, 14],\n            [21, 28,  3,  5],\n\
          \            [12,  6, 10,  4],\n            [20,  2,  7, 18]])"
        format: python
      return: false
  - testcases:
    - expression: is_magisch([[43046721, 243, 4782969, 81], [9, 177147, 2187, 19683],
        [27, 59049, 729, 14348907], [1594323, 6561, 531441, 3]])
      description:
        description: "is_magisch([[43046721,      243,  4782969,       81],\n    \
          \        [       9,   177147,     2187,    19683],\n            [      27,\
          \    59049,      729, 14348907],\n            [ 1594323,     6561,   531441,\
          \        3]])"
        format: python
      return: false
  - testcases:
    - expression: is_magisch([[16, 512, 32, 65536], [16384, 4, 2048, 128], [32768,
        64, 1024, 8], [2, 4096, 256, 8192]])
      description:
        description: "is_magisch([[   16,   512,    32, 65536],\n            [16384,\
          \     4,  2048,   128],\n            [32768,    64,  1024,     8],\n   \
          \         [    2,  4096,   256,  8192]])"
        format: python
      return: false
  - testcases:
    - expression: is_magisch([[1594323, 27, 9, 43046721], [6561, 59049, 177147, 243],
        [531441, 729, 2187, 19683], [3, 14348907, 4782969, 81]])
      description:
        description: "is_magisch([[ 1594323,       27,        9, 43046721],\n    \
          \        [    6561,    59049,   177147,      243],\n            [  531441,\
          \      729,     2187,    19683],\n            [       3, 14348907,  4782969,\
          \       81]])"
        format: python
      return: true
  - testcases:
    - expression: is_magisch([[16, 512, 32, 65536], [16384, 128, 2048, 4], [32768,
        64, 1024, 8], [2, 4096, 256, 8192]])
      description:
        description: "is_magisch([[   16,   512,    32, 65536],\n            [16384,\
          \   128,  2048,     4],\n            [32768,    64,  1024,     8],\n   \
          \         [    2,  4096,   256,  8192]])"
        format: python
      return: true
  - testcases:
    - expression: is_magisch([[81, 19683, 243, 43046721], [4782969, 2187, 177147,
        9], [14348907, 729, 59049, 27], [3, 1594323, 6561, 531441]])
      description:
        description: "is_magisch([[      81,    19683,      243, 43046721],\n    \
          \        [ 4782969,     2187,   177147,        9],\n            [14348907,\
          \      729,    59049,       27],\n            [       3,  1594323,     6561,\
          \   531441]])"
        format: python
      return: false
  - testcases:
    - expression: is_magisch([[16, 16384, 32768, 2], [512, 128, 64, 4096], [32, 2048,
        1024, 256], [65536, 4, 8, 8192]])
      description:
        description: "is_magisch([[   16, 16384, 32768,     2],\n            [  512,\
          \   128,    64,  4096],\n            [   32,  2048,  1024,   256],\n   \
          \         [65536,     4,     8,  8192]])"
        format: python
      return: true
  - testcases:
    - expression: is_magisch([[129140163, 282429536481, 3, 6561, 14348907], [94143178827,
        243, 2187, 4782969, 43046721], [81, 729, 1594323, 3486784401, 31381059609],
        [59049, 531441, 1162261467, 10460353203, 27], [177147, 387420489, 847288609443,
        9, 19683]])
      description:
        description: "is_magisch([[   129140163, 282429536481,            3,     \
          \    6561,     14348907],\n            [ 94143178827,          243,    \
          \     2187,      4782969,     43046721],\n            [          81,   \
          \       729,      1594323,   3486784401,  31381059609],\n            [ \
          \      59049,       531441,   1162261467,  10460353203,           27],\n\
          \            [      177147,    387420489, 847288609443,            9,  \
          \      19683]])"
        format: python
      return: true
  - testcases:
    - expression: is_magisch([[177147, 59049, 81, 94143178827, 129140163], [387420489,
        531441, 729, 243, 282429536481], [847288609443, 1162261467, 1594323, 2187,
        3], [9, 10460353203, 3486784401, 4782969, 6561], [19683, 27, 31381059609,
        43046721, 14348907]])
      description:
        description: "is_magisch([[      177147,        59049,           81,  94143178827,\
          \    129140163],\n            [   387420489,       531441,          729,\
          \          243, 282429536481],\n            [847288609443,   1162261467,\
          \      1594323,         2187,            3],\n            [           9,\
          \  10460353203,   3486784401,      4782969,         6561],\n           \
          \ [       19683,           27,  31381059609,     43046721,     14348907]])"
        format: python
      return: true
  - testcases:
    - expression: is_magisch([[129140163, 94143178827, 81, 59049, 177147], [243, 282429536481,
        729, 531441, 387420489], [3, 2187, 1594323, 1162261467, 847288609443], [6561,
        4782969, 3486784401, 10460353203, 9], [14348907, 43046721, 31381059609, 27,
        19683]])
      description:
        description: "is_magisch([[   129140163,  94143178827,           81,     \
          \   59049,       177147],\n            [         243, 282429536481,    \
          \      729,       531441,    387420489],\n            [           3,   \
          \      2187,      1594323,   1162261467, 847288609443],\n            [ \
          \       6561,      4782969,   3486784401,  10460353203,            9],\n\
          \            [    14348907,     43046721,  31381059609,           27,  \
          \      19683]])"
        format: python
      return: false
  - testcases:
    - expression: is_magisch([[2048, 1024, 16, 8388608, 131072], [262144, 4096, 64,
        32, 4], [33554432, 524288, 8192, 128, 2], [16777216, 2097152, 1048576, 16384,
        256], [512, 8, 4194304, 65536, 32768]])
      description:
        description: "is_magisch([[    2048,     1024,       16,  8388608,   131072],\n\
          \            [  262144,     4096,       64,       32,        4],\n     \
          \       [33554432,   524288,     8192,      128,        2],\n          \
          \  [16777216,  2097152,  1048576,    16384,      256],\n            [  \
          \   512,        8,  4194304,    65536,    32768]])"
        format: python
      return: false
  - testcases:
    - expression: is_magisch([[177147, 387420489, 847288609443, 9, 19683], [59049,
        531441, 1162261467, 10460353203, 27], [81, 729, 31381059609, 3486784401, 1594323],
        [94143178827, 243, 2187, 4782969, 43046721], [129140163, 282429536481, 3,
        6561, 14348907]])
      description:
        description: "is_magisch([[      177147,    387420489, 847288609443,     \
          \       9,        19683],\n            [       59049,       531441,   1162261467,\
          \  10460353203,           27],\n            [          81,          729,\
          \  31381059609,   3486784401,      1594323],\n            [ 94143178827,\
          \          243,         2187,      4782969,     43046721],\n           \
          \ [   129140163, 282429536481,            3,         6561,     14348907]])"
        format: python
      return: false
  - testcases:
    - expression: is_magisch([[131072, 16777216, 128, 256, 32768], [8388608, 32, 2,
        16384, 65536], [16, 64, 8192, 1048576, 4194304], [1024, 4096, 524288, 2097152,
        8], [2048, 262144, 33554432, 4, 512]])
      description:
        description: "is_magisch([[  131072, 16777216,      128,      256,    32768],\n\
          \            [ 8388608,       32,        2,    16384,    65536],\n     \
          \       [      16,       64,     8192,  1048576,  4194304],\n          \
          \  [    1024,     4096,   524288,  2097152,        8],\n            [  \
          \  2048,   262144, 33554432,        4,      512]])"
        format: python
      return: false
  - testcases:
    - expression: is_magisch([[177147, 387420489, 847288609443, 9, 19683], [59049,
        531441, 1162261467, 10460353203, 27], [81, 729, 1594323, 3486784401, 31381059609],
        [94143178827, 243, 2187, 4782969, 43046721], [129140163, 282429536481, 3,
        6561, 14348907]])
      description:
        description: "is_magisch([[      177147,    387420489, 847288609443,     \
          \       9,        19683],\n            [       59049,       531441,   1162261467,\
          \  10460353203,           27],\n            [          81,          729,\
          \      1594323,   3486784401,  31381059609],\n            [ 94143178827,\
          \          243,         2187,      4782969,     43046721],\n           \
          \ [   129140163, 282429536481,            3,         6561,     14348907]])"
        format: python
      return: true
  - testcases:
    - expression: is_magisch([[16, 8, 4194304, 256, 2097152, 67108864], [134217728,
        8388608, 524288, 512, 32, 2], [1048576, 33554432, 16777216, 4, 128, 64], [8192,
        4096, 131072, 2147483648, 1073741824, 34359738368], [262144, 16384, 1024,
        68719476736, 4294967296, 268435456], [536870912, 17179869184, 8589934592,
        2048, 65536, 32768]])
      description:
        description: "is_magisch([[         16,           8,     4194304,        \
          \ 256,     2097152,    67108864],\n            [  134217728,     8388608,\
          \      524288,         512,          32,           2],\n            [  \
          \  1048576,    33554432,    16777216,           4,         128,        \
          \  64],\n            [       8192,        4096,      131072,  2147483648,\
          \  1073741824, 34359738368],\n            [     262144,       16384,   \
          \     1024, 68719476736,  4294967296,   268435456],\n            [  536870912,
          17179869184,  8589934592,        2048,       65536,       32768]])"
        format: python
      return: false
  - testcases:
    - expression: is_magisch([[67108864, 2, 64, 34359738368, 268435456, 32768], [2097152,
        32, 128, 1073741824, 4294967296, 16], [4194304, 512, 4, 2147483648, 68719476736,
        2048], [256, 524288, 16777216, 131072, 1024, 8589934592], [8, 8388608, 33554432,
        4096, 16384, 17179869184], [65536, 134217728, 1048576, 8192, 262144, 536870912]])
      description:
        description: "is_magisch([[   67108864,           2,          64, 34359738368,\
          \   268435456,       32768],\n            [    2097152,          32,   \
          \      128,  1073741824,  4294967296,          16],\n            [    4194304,\
          \         512,           4,  2147483648, 68719476736,        2048],\n  \
          \          [        256,      524288,    16777216,      131072,        1024,\
          \  8589934592],\n            [          8,     8388608,    33554432,   \
          \     4096,       16384, 17179869184],\n            [      65536,   134217728,\
          \     1048576,        8192,      262144,   536870912]])"
        format: python
      return: false
  - testcases:
    - expression: is_magisch([[32768, 268435456, 34359738368, 128, 2, 67108864], [65536,
        4294967296, 1073741824, 64, 32, 2097152], [2048, 68719476736, 2147483648,
        4, 512, 4194304], [8589934592, 1024, 131072, 16777216, 524288, 256], [17179869184,
        16384, 4096, 33554432, 8388608, 8], [536870912, 262144, 8192, 1048576, 134217728,
        16]])
      description:
        description: "is_magisch([[      32768,   268435456, 34359738368,        \
          \ 128,           2,    67108864],\n            [      65536,  4294967296,\
          \  1073741824,          64,          32,     2097152],\n            [  \
          \     2048, 68719476736,  2147483648,           4,         512,     4194304],\n\
          \            [ 8589934592,        1024,      131072,    16777216,      524288,\
          \         256],\n            [17179869184,       16384,        4096,   \
          \ 33554432,     8388608,           8],\n            [  536870912,      262144,\
          \        8192,     1048576,   134217728,          16]])"
        format: python
      return: false
  - testcases:
    - expression: is_magisch([[16, 134217728, 1048576, 8192, 262144, 536870912], [8,
        8388608, 33554432, 4096, 16384, 17179869184], [256, 524288, 16777216, 131072,
        1024, 8589934592], [4194304, 512, 4, 2147483648, 68719476736, 2048], [2097152,
        32, 128, 1073741824, 4294967296, 65536], [67108864, 64, 2, 34359738368, 268435456,
        32768]])
      description:
        description: "is_magisch([[         16,   134217728,     1048576,        8192,\
          \      262144,   536870912],\n            [          8,     8388608,   \
          \ 33554432,        4096,       16384, 17179869184],\n            [     \
          \   256,      524288,    16777216,      131072,        1024,  8589934592],\n\
          \            [    4194304,         512,           4,  2147483648, 68719476736,\
          \        2048],\n            [    2097152,          32,         128,  1073741824,\
          \  4294967296,       65536],\n            [   67108864,          64,   \
          \        2, 34359738368,   268435456,       32768]])"
        format: python
      return: false
  - testcases:
    - expression: is_magisch([[16, 8, 256, 4194304, 2097152, 67108864], [134217728,
        8388608, 524288, 512, 32, 2], [1048576, 33554432, 16777216, 4, 128, 64], [4294967296,
        4096, 131072, 2147483648, 1073741824, 34359738368], [262144, 16384, 1024,
        68719476736, 8192, 268435456], [536870912, 17179869184, 8589934592, 2048,
        65536, 32768]])
      description:
        description: "is_magisch([[         16,           8,         256,     4194304,\
          \     2097152,    67108864],\n            [  134217728,     8388608,   \
          \   524288,         512,          32,           2],\n            [    1048576,\
          \    33554432,    16777216,           4,         128,          64],\n  \
          \          [ 4294967296,        4096,      131072,  2147483648,  1073741824,
          34359738368],\n            [     262144,       16384,        1024, 68719476736,\
          \        8192,   268435456],\n            [  536870912, 17179869184,  8589934592,\
          \        2048,       65536,       32768]])"
        format: python
      return: false
