# Gegevens
leeftijden <- c(2, 4, 6, 8, 10)

# Schatting
13.6 + 54.05 * leeftijden - 4.179 * leeftijden^2