- tab: Feedback
  contexts:
  - testcases:
    - expression: is_magisch([[8, 3, 4], [1, 5, 9], [6, 7, 2]])
      description:
        description: "is_magisch([[8, 3, 4],\n            [1, 5, 9],\n           \
          \ [6, 7, 2]])"
        format: python
      return: true
  - testcases:
    - expression: is_magisch([[8, 3, 4], [6, 5, 9], [1, 7, 2]])
      description:
        description: "is_magisch([[8, 3, 4],\n            [6, 5, 9],\n           \
          \ [1, 7, 2]])"
        format: python
      return: false
  - testcases:
    - expression: is_magisch([[4, 3, 8], [9, 5, 1], [2, 7, 6]])
      description:
        description: "is_magisch([[4, 3, 8],\n            [9, 5, 1],\n           \
          \ [2, 7, 6]])"
        format: python
      return: true
  - testcases:
    - expression: is_magisch([[6, 1, 8], [7, 5, 3], [2, 9, 4]])
      description:
        description: "is_magisch([[6, 1, 8],\n            [7, 5, 3],\n           \
          \ [2, 9, 4]])"
        format: python
      return: true
  - testcases:
    - expression: is_magisch([[16, 3, 2, 13], [5, 10, 11, 8], [9, 6, 7, 12], [4, 15,
        14, 1]])
      description:
        description: "is_magisch([[16,  3,  2, 13],\n            [ 5, 10, 11,  8],\n\
          \            [ 9,  6,  7, 12],\n            [ 4, 15, 14,  1]])"
        format: python
      return: true
  - testcases:
    - expression: is_magisch([[16, 5, 9, 4], [2, 11, 7, 14], [3, 10, 6, 15], [13,
        8, 12, 1]])
      description:
        description: "is_magisch([[16,  5,  9,  4],\n            [ 2, 11,  7, 14],\n\
          \            [ 3, 10,  6, 15],\n            [13,  8, 12,  1]])"
        format: python
      return: true
  - testcases:
    - expression: is_magisch([[13, 3, 2, 16], [8, 10, 11, 5], [12, 6, 7, 9], [1, 15,
        14, 4]])
      description:
        description: "is_magisch([[13,  3,  2, 16],\n            [ 8, 10, 11,  5],\n\
          \            [12,  6,  7,  9],\n            [ 1, 15, 14,  4]])"
        format: python
      return: true
  - testcases:
    - expression: is_magisch([[26, 21, 22, 8, 3, 4], [1, 5, 9, 19, 23, 27], [6, 7,
        2, 24, 25, 20], [35, 14, 31, 17, 12, 13], [28, 32, 36, 10, 30, 18], [15, 16,
        11, 33, 34, 29]])
      description:
        description: "is_magisch([[26, 21, 22,  8,  3,  4],\n            [ 1,  5,\
          \  9, 19, 23, 27],\n            [ 6,  7,  2, 24, 25, 20],\n            [35,
          14, 31, 17, 12, 13],\n            [28, 32, 36, 10, 30, 18],\n          \
          \  [15, 16, 11, 33, 34, 29]])"
        format: python
      return: false
  - testcases:
    - expression: is_magisch([[26, 1, 6, 35, 28, 15], [21, 5, 7, 30, 33, 16], [22,
        9, 2, 31, 36, 11], [8, 19, 24, 17, 10, 32], [3, 23, 25, 12, 14, 34], [4, 27,
        20, 13, 18, 29]])
      description:
        description: "is_magisch([[26,  1,  6, 35, 28, 15],\n            [21,  5,\
          \  7, 30, 33, 16],\n            [22,  9,  2, 31, 36, 11],\n            [
          8, 19, 24, 17, 10, 32],\n            [ 3, 23, 25, 12, 14, 34],\n       \
          \     [ 4, 27, 20, 13, 18, 29]])"
        format: python
      return: false
  - testcases:
    - expression: is_magisch([[4, 27, 20, 13, 18, 29], [3, 23, 25, 12, 14, 34], [8,
        19, 24, 17, 10, 33], [22, 9, 2, 31, 36, 11], [21, 5, 7, 30, 32, 16], [26,
        1, 6, 35, 28, 15]])
      description:
        description: "is_magisch([[ 4, 27, 20, 13, 18, 29],\n            [ 3, 23,
          25, 12, 14, 34],\n            [ 8, 19, 24, 17, 10, 33],\n            [22,\
          \  9,  2, 31, 36, 11],\n            [21,  5,  7, 30, 32, 16],\n        \
          \    [26,  1,  6, 35, 28, 15]])"
        format: python
      return: false
  - testcases:
    - expression: is_magisch([[30, 38, 46, 5, 13, 21, 22], [39, 47, 6, 14, 15, 23,
        31], [48, 7, 8, 16, 24, 32, 40], [1, 9, 17, 25, 33, 41, 49], [10, 18, 26,
        34, 42, 43, 2], [19, 27, 35, 36, 44, 3, 11], [28, 29, 37, 45, 4, 12, 20]])
      description:
        description: "is_magisch([[30, 38, 46,  5, 13, 21, 22],\n            [39,
          47,  6, 14, 15, 23, 31],\n            [48,  7,  8, 16, 24, 32, 40],\n  \
          \          [ 1,  9, 17, 25, 33, 41, 49],\n            [10, 18, 26, 34, 42,
          43,  2],\n            [19, 27, 35, 36, 44,  3, 11],\n            [28, 29,
          37, 45,  4, 12, 20]])"
        format: python
      return: true
  - testcases:
    - expression: is_magisch([[22, 31, 40, 49, 2, 11, 20], [21, 23, 32, 41, 43, 3,
        12], [13, 15, 24, 33, 42, 44, 4], [5, 14, 16, 25, 34, 36, 45], [46, 6, 8,
        17, 26, 35, 37], [38, 47, 7, 9, 18, 27, 29], [30, 39, 48, 1, 10, 19, 28]])
      description:
        description: "is_magisch([[22, 31, 40, 49,  2, 11, 20],\n            [21,
          23, 32, 41, 43,  3, 12],\n            [13, 15, 24, 33, 42, 44,  4],\n  \
          \          [ 5, 14, 16, 25, 34, 36, 45],\n            [46,  6,  8, 17, 26,
          35, 37],\n            [38, 47,  7,  9, 18, 27, 29],\n            [30, 39,
          48,  1, 10, 19, 28]])"
        format: python
      return: true
  - testcases:
    - expression: is_magisch([[22, 21, 13, 5, 46, 38, 30], [31, 23, 15, 14, 6, 47,
        39], [40, 32, 24, 16, 8, 7, 48], [49, 41, 33, 25, 17, 9, 1], [2, 43, 42, 34,
        26, 18, 10], [11, 3, 44, 36, 35, 27, 19], [20, 12, 4, 45, 37, 29, 28]])
      description:
        description: "is_magisch([[22, 21, 13,  5, 46, 38, 30],\n            [31,
          23, 15, 14,  6, 47, 39],\n            [40, 32, 24, 16,  8,  7, 48],\n  \
          \          [49, 41, 33, 25, 17,  9,  1],\n            [ 2, 43, 42, 34, 26,
          18, 10],\n            [11,  3, 44, 36, 35, 27, 19],\n            [20, 12,\
          \  4, 45, 37, 29, 28]])"
        format: python
      return: true
  - testcases:
    - expression: is_magisch([[64, 2, 3, 61, 60, 6, 7, 57], [9, 55, 54, 12, 13, 51,
        50, 16], [17, 47, 46, 20, 21, 43, 42, 24], [40, 26, 27, 37, 36, 30, 31, 33],
        [32, 34, 35, 29, 28, 38, 39, 25], [41, 23, 22, 44, 45, 19, 18, 48], [49, 15,
        14, 52, 53, 11, 10, 56], [8, 58, 59, 5, 4, 62, 63, 1]])
      description:
        description: "is_magisch([[64,  2,  3, 61, 60,  6,  7, 57],\n            [
          9, 55, 54, 12, 13, 51, 50, 16],\n            [17, 47, 46, 20, 21, 43, 42,
          24],\n            [40, 26, 27, 37, 36, 30, 31, 33],\n            [32, 34,
          35, 29, 28, 38, 39, 25],\n            [41, 23, 22, 44, 45, 19, 18, 48],\n\
          \            [49, 15, 14, 52, 53, 11, 10, 56],\n            [ 8, 58, 59,\
          \  5,  4, 62, 63,  1]])"
        format: python
      return: true
  - testcases:
    - expression: is_magisch([[64, 2, 3, 61, 60, 33, 7, 57], [9, 55, 54, 12, 13, 51,
        50, 16], [17, 47, 46, 20, 21, 43, 42, 24], [40, 26, 27, 37, 36, 30, 31, 6],
        [32, 34, 35, 29, 28, 38, 39, 25], [41, 23, 22, 44, 45, 19, 18, 48], [49, 15,
        14, 52, 53, 11, 10, 56], [8, 58, 59, 5, 4, 62, 63, 1]])
      description:
        description: "is_magisch([[64,  2,  3, 61, 60, 33,  7, 57],\n            [
          9, 55, 54, 12, 13, 51, 50, 16],\n            [17, 47, 46, 20, 21, 43, 42,
          24],\n            [40, 26, 27, 37, 36, 30, 31,  6],\n            [32, 34,
          35, 29, 28, 38, 39, 25],\n            [41, 23, 22, 44, 45, 19, 18, 48],\n\
          \            [49, 15, 14, 52, 53, 11, 10, 56],\n            [ 8, 58, 59,\
          \  5,  4, 62, 63,  1]])"
        format: python
      return: false
  - testcases:
    - expression: is_magisch([[8, 58, 59, 5, 4, 62, 63, 1], [49, 15, 14, 52, 53, 11,
        10, 56], [41, 23, 22, 44, 45, 19, 18, 48], [32, 34, 35, 29, 28, 38, 39, 25],
        [40, 26, 27, 37, 36, 30, 31, 33], [17, 47, 46, 20, 21, 43, 42, 24], [9, 55,
        54, 12, 13, 51, 50, 16], [64, 2, 3, 61, 60, 6, 7, 57]])
      description:
        description: "is_magisch([[ 8, 58, 59,  5,  4, 62, 63,  1],\n            [49,
          15, 14, 52, 53, 11, 10, 56],\n            [41, 23, 22, 44, 45, 19, 18, 48],\n\
          \            [32, 34, 35, 29, 28, 38, 39, 25],\n            [40, 26, 27,
          37, 36, 30, 31, 33],\n            [17, 47, 46, 20, 21, 43, 42, 24],\n  \
          \          [ 9, 55, 54, 12, 13, 51, 50, 16],\n            [64,  2,  3, 61,
          60,  6,  7, 57]])"
        format: python
      return: true
  - testcases:
    - expression: is_magisch([[45, 34, 23, 12, 1, 80, 69, 58, 47], [46, 44, 33, 22,
        11, 9, 79, 68, 57], [56, 54, 43, 32, 21, 10, 8, 78, 67], [66, 55, 53, 42,
        31, 20, 18, 7, 77], [76, 65, 63, 52, 41, 30, 19, 17, 6], [5, 75, 64, 62, 51,
        40, 29, 27, 16], [15, 4, 74, 72, 61, 50, 39, 28, 26], [25, 14, 3, 73, 71,
        60, 49, 38, 36], [35, 24, 13, 2, 81, 70, 59, 48, 37]])
      description:
        description: "is_magisch([[45, 34, 23, 12,  1, 80, 69, 58, 47],\n        \
          \    [46, 44, 33, 22, 11,  9, 79, 68, 57],\n            [56, 54, 43, 32,
          21, 10,  8, 78, 67],\n            [66, 55, 53, 42, 31, 20, 18,  7, 77],\n\
          \            [76, 65, 63, 52, 41, 30, 19, 17,  6],\n            [ 5, 75,
          64, 62, 51, 40, 29, 27, 16],\n            [15,  4, 74, 72, 61, 50, 39, 28,
          26],\n            [25, 14,  3, 73, 71, 60, 49, 38, 36],\n            [35,
          24, 13,  2, 81, 70, 59, 48, 37]])"
        format: python
      return: true
  - testcases:
    - expression: is_magisch([[37, 48, 59, 70, 81, 2, 13, 24, 35], [36, 38, 49, 60,
        71, 73, 3, 14, 25], [26, 28, 39, 50, 61, 72, 74, 4, 15], [16, 27, 29, 40,
        51, 62, 64, 75, 5], [6, 17, 19, 31, 41, 52, 63, 65, 76], [77, 7, 18, 20, 30,
        42, 53, 55, 66], [67, 78, 8, 10, 21, 32, 43, 54, 56], [57, 68, 79, 9, 11,
        22, 33, 44, 46], [47, 58, 69, 80, 1, 12, 23, 34, 45]])
      description:
        description: "is_magisch([[37, 48, 59, 70, 81,  2, 13, 24, 35],\n        \
          \    [36, 38, 49, 60, 71, 73,  3, 14, 25],\n            [26, 28, 39, 50,
          61, 72, 74,  4, 15],\n            [16, 27, 29, 40, 51, 62, 64, 75,  5],\n\
          \            [ 6, 17, 19, 31, 41, 52, 63, 65, 76],\n            [77,  7,
          18, 20, 30, 42, 53, 55, 66],\n            [67, 78,  8, 10, 21, 32, 43, 54,
          56],\n            [57, 68, 79,  9, 11, 22, 33, 44, 46],\n            [47,
          58, 69, 80,  1, 12, 23, 34, 45]])"
        format: python
      return: false
  - testcases:
    - expression: is_magisch([[47, 58, 69, 80, 1, 12, 23, 34, 45], [57, 68, 79, 9,
        11, 22, 33, 44, 46], [67, 78, 8, 10, 21, 32, 43, 54, 56], [77, 7, 18, 20,
        31, 42, 53, 55, 66], [6, 17, 19, 30, 41, 52, 63, 65, 76], [16, 27, 29, 40,
        51, 62, 64, 75, 5], [26, 28, 39, 50, 61, 72, 74, 4, 15], [36, 38, 49, 60,
        71, 73, 3, 14, 25], [37, 48, 59, 70, 81, 2, 13, 24, 35]])
      description:
        description: "is_magisch([[47, 58, 69, 80,  1, 12, 23, 34, 45],\n        \
          \    [57, 68, 79,  9, 11, 22, 33, 44, 46],\n            [67, 78,  8, 10,
          21, 32, 43, 54, 56],\n            [77,  7, 18, 20, 31, 42, 53, 55, 66],\n\
          \            [ 6, 17, 19, 30, 41, 52, 63, 65, 76],\n            [16, 27,
          29, 40, 51, 62, 64, 75,  5],\n            [26, 28, 39, 50, 61, 72, 74, \
          \ 4, 15],\n            [36, 38, 49, 60, 71, 73,  3, 14, 25],\n         \
          \   [37, 48, 59, 70, 81,  2, 13, 24, 35]])"
        format: python
      return: true
  - testcases:
    - expression: is_magisch([[67, 74, 1, 8, 15, 92, 99, 76, 33, 40], [73, 55, 7,
        14, 16, 98, 80, 82, 39, 41], [54, 52, 13, 20, 22, 79, 81, 88, 45, 47], [60,
        62, 19, 21, 3, 85, 87, 94, 46, 28], [61, 68, 25, 2, 9, 86, 93, 100, 27, 34],
        [17, 24, 51, 58, 65, 42, 49, 26, 83, 90], [23, 5, 57, 64, 66, 48, 30, 32,
        89, 91], [4, 6, 63, 70, 72, 29, 31, 38, 95, 97], [10, 12, 69, 71, 53, 35,
        37, 44, 96, 78], [11, 18, 75, 56, 59, 36, 43, 50, 77, 84]])
      description:
        description: "is_magisch([[ 67,  74,   1,   8,  15,  92,  99,  76,  33,  40],\n\
          \            [ 73,  55,   7,  14,  16,  98,  80,  82,  39,  41],\n     \
          \       [ 54,  52,  13,  20,  22,  79,  81,  88,  45,  47],\n          \
          \  [ 60,  62,  19,  21,   3,  85,  87,  94,  46,  28],\n            [ 61,\
          \  68,  25,   2,   9,  86,  93, 100,  27,  34],\n            [ 17,  24,\
          \  51,  58,  65,  42,  49,  26,  83,  90],\n            [ 23,   5,  57,\
          \  64,  66,  48,  30,  32,  89,  91],\n            [  4,   6,  63,  70,\
          \  72,  29,  31,  38,  95,  97],\n            [ 10,  12,  69,  71,  53,\
          \  35,  37,  44,  96,  78],\n            [ 11,  18,  75,  56,  59,  36,\
          \  43,  50,  77,  84]])"
        format: python
      return: false
  - testcases:
    - expression: is_magisch([[11, 10, 4, 23, 17, 61, 60, 54, 73, 67], [18, 12, 6,
        5, 24, 68, 62, 56, 55, 74], [75, 69, 63, 57, 51, 25, 19, 13, 7, 1], [52, 71,
        70, 83, 58, 2, 21, 20, 14, 8], [59, 53, 72, 66, 65, 9, 3, 22, 16, 15], [36,
        35, 29, 48, 42, 86, 85, 79, 98, 92], [43, 37, 31, 30, 49, 93, 87, 81, 80,
        99], [50, 44, 38, 32, 26, 100, 94, 88, 82, 76], [77, 96, 95, 89, 64, 27, 46,
        45, 39, 33], [84, 78, 97, 91, 90, 34, 28, 47, 41, 40]])
      description:
        description: "is_magisch([[ 11,  10,   4,  23,  17,  61,  60,  54,  73,  67],\n\
          \            [ 18,  12,   6,   5,  24,  68,  62,  56,  55,  74],\n     \
          \       [ 75,  69,  63,  57,  51,  25,  19,  13,   7,   1],\n          \
          \  [ 52,  71,  70,  83,  58,   2,  21,  20,  14,   8],\n            [ 59,\
          \  53,  72,  66,  65,   9,   3,  22,  16,  15],\n            [ 36,  35,\
          \  29,  48,  42,  86,  85,  79,  98,  92],\n            [ 43,  37,  31,\
          \  30,  49,  93,  87,  81,  80,  99],\n            [ 50,  44,  38,  32,\
          \  26, 100,  94,  88,  82,  76],\n            [ 77,  96,  95,  89,  64,\
          \  27,  46,  45,  39,  33],\n            [ 84,  78,  97,  91,  90,  34,\
          \  28,  47,  41,  40]])"
        format: python
      return: false
  - testcases:
    - expression: is_magisch([[40, 33, 76, 99, 92, 15, 8, 1, 74, 67], [41, 39, 82,
        80, 98, 16, 14, 7, 55, 73], [47, 45, 88, 81, 79, 22, 20, 13, 56, 54], [28,
        46, 94, 87, 85, 3, 21, 19, 62, 60], [34, 27, 100, 93, 86, 9, 2, 25, 68, 61],
        [90, 83, 26, 49, 42, 65, 58, 51, 24, 17], [91, 89, 32, 30, 48, 66, 64, 57,
        5, 23], [97, 95, 38, 31, 29, 72, 70, 63, 6, 4], [78, 96, 44, 37, 35, 53, 71,
        69, 12, 10], [84, 77, 50, 43, 36, 59, 52, 75, 18, 11]])
      description:
        description: "is_magisch([[ 40,  33,  76,  99,  92,  15,   8,   1,  74,  67],\n\
          \            [ 41,  39,  82,  80,  98,  16,  14,   7,  55,  73],\n     \
          \       [ 47,  45,  88,  81,  79,  22,  20,  13,  56,  54],\n          \
          \  [ 28,  46,  94,  87,  85,   3,  21,  19,  62,  60],\n            [ 34,\
          \  27, 100,  93,  86,   9,   2,  25,  68,  61],\n            [ 90,  83,\
          \  26,  49,  42,  65,  58,  51,  24,  17],\n            [ 91,  89,  32,\
          \  30,  48,  66,  64,  57,   5,  23],\n            [ 97,  95,  38,  31,\
          \  29,  72,  70,  63,   6,   4],\n            [ 78,  96,  44,  37,  35,\
          \  53,  71,  69,  12,  10],\n            [ 84,  77,  50,  43,  36,  59,\
          \  52,  75,  18,  11]])"
        format: python
      return: false
  - testcases:
    - expression: is_magisch([[68, 81, 94, 107, 120, 1, 14, 27, 40, 53, 66], [80,
        93, 106, 119, 11, 13, 26, 39, 52, 65, 67], [92, 105, 118, 10, 76, 25, 38,
        51, 64, 77, 79], [104, 117, 9, 22, 24, 37, 50, 63, 12, 78, 91], [116, 8, 21,
        23, 36, 49, 62, 75, 88, 90, 103], [7, 20, 33, 35, 48, 61, 74, 87, 89, 102,
        115], [19, 32, 34, 47, 60, 73, 86, 99, 101, 114, 6], [31, 44, 46, 59, 72,
        85, 98, 100, 113, 5, 18], [43, 45, 58, 71, 84, 97, 110, 112, 4, 17, 30], [55,
        57, 70, 83, 96, 109, 111, 3, 16, 29, 42], [56, 69, 82, 95, 108, 121, 2, 15,
        28, 41, 54]])
      description:
        description: "is_magisch([[ 68,  81,  94, 107, 120,   1,  14,  27,  40,  53,\
          \  66],\n            [ 80,  93, 106, 119,  11,  13,  26,  39,  52,  65,\
          \  67],\n            [ 92, 105, 118,  10,  76,  25,  38,  51,  64,  77,\
          \  79],\n            [104, 117,   9,  22,  24,  37,  50,  63,  12,  78,\
          \  91],\n            [116,   8,  21,  23,  36,  49,  62,  75,  88,  90,
          103],\n            [  7,  20,  33,  35,  48,  61,  74,  87,  89, 102, 115],\n\
          \            [ 19,  32,  34,  47,  60,  73,  86,  99, 101, 114,   6],\n\
          \            [ 31,  44,  46,  59,  72,  85,  98, 100, 113,   5,  18],\n\
          \            [ 43,  45,  58,  71,  84,  97, 110, 112,   4,  17,  30],\n\
          \            [ 55,  57,  70,  83,  96, 109, 111,   3,  16,  29,  42],\n\
          \            [ 56,  69,  82,  95, 108, 121,   2,  15,  28,  41,  54]])"
        format: python
      return: false
  - testcases:
    - expression: is_magisch([[66, 53, 40, 27, 14, 1, 120, 107, 94, 81, 68], [67,
        65, 52, 39, 26, 13, 11, 119, 106, 93, 80], [79, 77, 64, 51, 38, 25, 12, 10,
        118, 105, 92], [91, 78, 76, 63, 50, 37, 24, 22, 9, 117, 104], [103, 90, 88,
        75, 62, 49, 36, 23, 21, 8, 116], [115, 102, 89, 87, 74, 61, 48, 35, 33, 20,
        7], [6, 114, 101, 99, 86, 73, 60, 47, 34, 32, 19], [18, 5, 113, 100, 98, 85,
        72, 59, 46, 44, 31], [30, 17, 4, 112, 110, 97, 84, 71, 58, 45, 43], [42, 29,
        16, 3, 111, 109, 96, 83, 70, 57, 55], [54, 41, 28, 15, 2, 121, 108, 95, 82,
        69, 56]])
      description:
        description: "is_magisch([[ 66,  53,  40,  27,  14,   1, 120, 107,  94,  81,\
          \  68],\n            [ 67,  65,  52,  39,  26,  13,  11, 119, 106,  93,\
          \  80],\n            [ 79,  77,  64,  51,  38,  25,  12,  10, 118, 105,\
          \  92],\n            [ 91,  78,  76,  63,  50,  37,  24,  22,   9, 117,
          104],\n            [103,  90,  88,  75,  62,  49,  36,  23,  21,   8, 116],\n\
          \            [115, 102,  89,  87,  74,  61,  48,  35,  33,  20,   7],\n\
          \            [  6, 114, 101,  99,  86,  73,  60,  47,  34,  32,  19],\n\
          \            [ 18,   5, 113, 100,  98,  85,  72,  59,  46,  44,  31],\n\
          \            [ 30,  17,   4, 112, 110,  97,  84,  71,  58,  45,  43],\n\
          \            [ 42,  29,  16,   3, 111, 109,  96,  83,  70,  57,  55],\n\
          \            [ 54,  41,  28,  15,   2, 121, 108,  95,  82,  69,  56]])"
        format: python
      return: true
  - testcases:
    - expression: is_magisch([[144, 13, 25, 108, 96, 61, 73, 60, 48, 109, 121, 12],
        [2, 131, 119, 38, 50, 83, 71, 86, 98, 35, 23, 134], [3, 130, 118, 39, 51,
        82, 70, 87, 99, 34, 22, 135], [141, 16, 28, 105, 93, 64, 76, 57, 45, 112,
        124, 9], [140, 17, 29, 104, 92, 65, 77, 56, 44, 113, 125, 8], [6, 127, 115,
        42, 54, 79, 67, 90, 102, 31, 19, 138], [7, 126, 114, 43, 55, 78, 66, 91, 103,
        30, 18, 139], [137, 20, 32, 101, 89, 68, 80, 53, 41, 116, 128, 5], [136, 21,
        33, 100, 88, 69, 81, 52, 40, 117, 129, 4], [10, 123, 111, 46, 58, 75, 63,
        94, 106, 27, 15, 142], [11, 122, 110, 47, 59, 74, 62, 95, 107, 26, 14, 143],
        [133, 24, 36, 97, 85, 72, 84, 49, 37, 120, 132, 1]])
      description:
        description: "is_magisch([[144,  13,  25, 108,  96,  61,  73,  60,  48, 109,
          121,  12],\n            [  2, 131, 119,  38,  50,  83,  71,  86,  98,  35,\
          \  23, 134],\n            [  3, 130, 118,  39,  51,  82,  70,  87,  99,\
          \  34,  22, 135],\n            [141,  16,  28, 105,  93,  64,  76,  57,\
          \  45, 112, 124,   9],\n            [140,  17,  29, 104,  92,  65,  77,\
          \  56,  44, 113, 125,   8],\n            [  6, 127, 115,  42,  54,  79,\
          \  67,  90, 102,  31,  19, 138],\n            [  7, 126, 114,  43,  55,\
          \  78,  66,  91, 103,  30,  18, 139],\n            [137,  20,  32, 101,\
          \  89,  68,  80,  53,  41, 116, 128,   5],\n            [136,  21,  33,
          100,  88,  69,  81,  52,  40, 117, 129,   4],\n            [ 10, 123, 111,\
          \  46,  58,  75,  63,  94, 106,  27,  15, 142],\n            [ 11, 122,
          110,  47,  59,  74,  62,  95, 107,  26,  14, 143],\n            [133,  24,\
          \  36,  97,  85,  72,  84,  49,  37, 120, 132,   1]])"
        format: python
      return: true
