- tab: Feedback
  contexts:
  - testcases:
    - expression: is_magisch([[8, 3, 4], [1, 5, 9], [6, 7, 2]])
      description:
        description: "is_magisch([[8, 3, 4],\n            [1, 5, 9],\n           \
          \ [6, 7, 2]])"
        format: python
      return: true
  - testcases:
    - expression: is_magisch([[8, 3, 4], [6, 5, 9], [1, 7, 2]])
      description:
        description: "is_magisch([[8, 3, 4],\n            [6, 5, 9],\n           \
          \ [1, 7, 2]])"
        format: python
      return: false
  - testcases:
    - expression: is_magisch([[8, 1, 6], [4, 9, 2], [3, 5, 7]])
      description:
        description: "is_magisch([[8, 1, 6],\n            [4, 9, 2],\n           \
          \ [3, 5, 7]])"
        format: python
      return: false
  - testcases:
    - expression: is_magisch([[7, 3, 5], [6, 8, 1], [2, 4, 9]])
      description:
        description: "is_magisch([[7, 3, 5],\n            [6, 8, 1],\n           \
          \ [2, 4, 9]])"
        format: python
      return: false
  - testcases:
    - expression: is_magisch([[16, 3, 2, 13], [5, 10, 11, 8], [9, 6, 7, 12], [4, 15,
        14, 1]])
      description:
        description: "is_magisch([[16,  3,  2, 13],\n            [ 5, 10, 11,  8],\n\
          \            [ 9,  6,  7, 12],\n            [ 4, 15, 14,  1]])"
        format: python
      return: true
  - testcases:
    - expression: is_magisch([[7, 12, 9, 6], [2, 13, 16, 3], [14, 1, 4, 15], [11,
        8, 5, 10]])
      description:
        description: "is_magisch([[ 7, 12,  9,  6],\n            [ 2, 13, 16,  3],\n\
          \            [14,  1,  4, 15],\n            [11,  8,  5, 10]])"
        format: python
      return: true
  - testcases:
    - expression: is_magisch([[1, 15, 14, 4], [8, 10, 11, 5], [12, 6, 7, 9], [13,
        3, 2, 16]])
      description:
        description: "is_magisch([[ 1, 15, 14,  4],\n            [ 8, 10, 11,  5],\n\
          \            [12,  6,  7,  9],\n            [13,  3,  2, 16]])"
        format: python
      return: true
  - testcases:
    - expression: is_magisch([[12, 7, 6, 9], [1, 14, 15, 4], [13, 2, 3, 16], [8, 11,
        10, 5]])
      description:
        description: "is_magisch([[12,  7,  6,  9],\n            [ 1, 14, 15,  4],\n\
          \            [13,  2,  3, 16],\n            [ 8, 11, 10,  5]])"
        format: python
      return: true
  - testcases:
    - expression: is_magisch([[12, 6, 9, 7], [13, 3, 16, 2], [1, 15, 4, 14], [8, 10,
        5, 11]])
      description:
        description: "is_magisch([[12,  6,  9,  7],\n            [13,  3, 16,  2],\n\
          \            [ 1, 15,  4, 14],\n            [ 8, 10,  5, 11]])"
        format: python
      return: false
  - testcases:
    - expression: is_magisch([[1, 8, 17, 15, 24], [25, 2, 11, 9, 18], [13, 20, 4,
        22, 6], [19, 21, 10, 3, 12], [7, 14, 23, 16, 5]])
      description:
        description: "is_magisch([[ 1,  8, 17, 15, 24],\n            [25,  2, 11,\
          \  9, 18],\n            [13, 20,  4, 22,  6],\n            [19, 21, 10,\
          \  3, 12],\n            [ 7, 14, 23, 16,  5]])"
        format: python
      return: false
  - testcases:
    - expression: is_magisch([[10, 35, 1, 24, 15, 26], [36, 13, 27, 2, 29, 4], [28,
        17, 19, 6, 33, 8], [14, 30, 5, 25, 16, 21], [32, 12, 23, 7, 34, 3], [18, 31,
        9, 20, 11, 22]])
      description:
        description: "is_magisch([[10, 35,  1, 24, 15, 26],\n            [36, 13,
          27,  2, 29,  4],\n            [28, 17, 19,  6, 33,  8],\n            [14,
          30,  5, 25, 16, 21],\n            [32, 12, 23,  7, 34,  3],\n          \
          \  [18, 31,  9, 20, 11, 22]])"
        format: python
      return: false
  - testcases:
    - expression: is_magisch([[29, 38, 32, 35, 39, 28, 34, 25], [44, 19, 41, 22, 18,
        45, 23, 48], [52, 11, 49, 14, 10, 53, 15, 56], [12, 51, 9, 54, 50, 13, 55,
        16], [20, 43, 17, 46, 42, 21, 47, 24], [5, 62, 8, 59, 63, 4, 58, 1], [37,
        30, 40, 27, 31, 36, 26, 33], [61, 6, 64, 3, 7, 60, 2, 57]])
      description:
        description: "is_magisch([[29, 38, 32, 35, 39, 28, 34, 25],\n            [44,
          19, 41, 22, 18, 45, 23, 48],\n            [52, 11, 49, 14, 10, 53, 15, 56],\n\
          \            [12, 51,  9, 54, 50, 13, 55, 16],\n            [20, 43, 17,
          46, 42, 21, 47, 24],\n            [ 5, 62,  8, 59, 63,  4, 58,  1],\n  \
          \          [37, 30, 40, 27, 31, 36, 26, 33],\n            [61,  6, 64, \
          \ 3,  7, 60,  2, 57]])"
        format: python
      return: false
  - testcases:
    - expression: is_magisch([[12, 55, 13, 54, 9, 51, 50, 16], [37, 26, 36, 27, 40,
        30, 31, 33], [44, 23, 45, 22, 41, 19, 18, 48], [5, 58, 4, 59, 8, 62, 63, 1],
        [20, 47, 21, 46, 17, 43, 42, 24], [29, 34, 28, 35, 32, 38, 39, 25], [61, 2,
        60, 3, 64, 6, 7, 57], [52, 15, 53, 14, 49, 11, 10, 56]])
      description:
        description: "is_magisch([[12, 55, 13, 54,  9, 51, 50, 16],\n            [37,
          26, 36, 27, 40, 30, 31, 33],\n            [44, 23, 45, 22, 41, 19, 18, 48],\n\
          \            [ 5, 58,  4, 59,  8, 62, 63,  1],\n            [20, 47, 21,
          46, 17, 43, 42, 24],\n            [29, 34, 28, 35, 32, 38, 39, 25],\n  \
          \          [61,  2, 60,  3, 64,  6,  7, 57],\n            [52, 15, 53, 14,
          49, 11, 10, 56]])"
        format: python
      return: false
  - testcases:
    - expression: is_magisch([[70, 81, 13, 48, 59, 37, 2, 24, 35], [60, 71, 3, 38,
        49, 36, 73, 14, 25], [30, 41, 63, 17, 19, 6, 52, 65, 76], [20, 31, 53, 7,
        18, 77, 42, 55, 66], [40, 51, 64, 27, 29, 16, 62, 75, 5], [50, 61, 74, 28,
        39, 26, 72, 4, 15], [9, 11, 33, 68, 79, 57, 22, 44, 46], [80, 1, 23, 58, 69,
        47, 12, 34, 45], [10, 21, 43, 78, 8, 67, 32, 54, 56]])
      description:
        description: "is_magisch([[70, 81, 13, 48, 59, 37,  2, 24, 35],\n        \
          \    [60, 71,  3, 38, 49, 36, 73, 14, 25],\n            [30, 41, 63, 17,
          19,  6, 52, 65, 76],\n            [20, 31, 53,  7, 18, 77, 42, 55, 66],\n\
          \            [40, 51, 64, 27, 29, 16, 62, 75,  5],\n            [50, 61,
          74, 28, 39, 26, 72,  4, 15],\n            [ 9, 11, 33, 68, 79, 57, 22, 44,
          46],\n            [80,  1, 23, 58, 69, 47, 12, 34, 45],\n            [10,
          21, 43, 78,  8, 67, 32, 54, 56]])"
        format: python
      return: false
  - testcases:
    - expression: is_magisch([[65, 6, 19, 41, 76, 17, 52, 63, 30], [44, 57, 79, 11,
        46, 68, 22, 33, 9], [4, 26, 39, 61, 15, 28, 72, 74, 50], [14, 36, 49, 71,
        25, 38, 73, 3, 60], [24, 37, 59, 81, 35, 48, 2, 13, 70], [54, 67, 8, 21, 56,
        78, 32, 43, 10], [75, 16, 29, 51, 5, 27, 62, 64, 40], [55, 77, 18, 31, 66,
        7, 42, 53, 20], [34, 47, 69, 1, 45, 58, 12, 23, 80]])
      description:
        description: "is_magisch([[65,  6, 19, 41, 76, 17, 52, 63, 30],\n        \
          \    [44, 57, 79, 11, 46, 68, 22, 33,  9],\n            [ 4, 26, 39, 61,
          15, 28, 72, 74, 50],\n            [14, 36, 49, 71, 25, 38, 73,  3, 60],\n\
          \            [24, 37, 59, 81, 35, 48,  2, 13, 70],\n            [54, 67,\
          \  8, 21, 56, 78, 32, 43, 10],\n            [75, 16, 29, 51,  5, 27, 62,
          64, 40],\n            [55, 77, 18, 31, 66,  7, 42, 53, 20],\n          \
          \  [34, 47, 69,  1, 45, 58, 12, 23, 80]])"
        format: python
      return: false
  - testcases:
    - expression: is_magisch([[11, 18, 75, 43, 100, 27, 52, 59, 84, 36], [23, 5, 57,
        30, 82, 39, 64, 66, 91, 48], [67, 74, 1, 99, 26, 83, 8, 15, 40, 92], [61,
        68, 25, 93, 50, 77, 2, 9, 34, 86], [17, 24, 51, 49, 76, 33, 58, 65, 90, 42],
        [73, 55, 7, 80, 32, 89, 14, 16, 41, 98], [10, 12, 69, 37, 94, 46, 71, 53,
        78, 35], [60, 62, 19, 87, 44, 96, 21, 3, 28, 85], [4, 6, 63, 31, 88, 45, 70,
        72, 97, 29], [54, 56, 13, 81, 38, 95, 20, 22, 47, 79]])
      description:
        description: "is_magisch([[ 11,  18,  75,  43, 100,  27,  52,  59,  84,  36],\n\
          \            [ 23,   5,  57,  30,  82,  39,  64,  66,  91,  48],\n     \
          \       [ 67,  74,   1,  99,  26,  83,   8,  15,  40,  92],\n          \
          \  [ 61,  68,  25,  93,  50,  77,   2,   9,  34,  86],\n            [ 17,\
          \  24,  51,  49,  76,  33,  58,  65,  90,  42],\n            [ 73,  55,\
          \   7,  80,  32,  89,  14,  16,  41,  98],\n            [ 10,  12,  69,\
          \  37,  94,  46,  71,  53,  78,  35],\n            [ 60,  62,  19,  87,\
          \  44,  96,  21,   3,  28,  85],\n            [  4,   6,  63,  31,  88,\
          \  45,  70,  72,  97,  29],\n            [ 54,  56,  13,  81,  38,  95,\
          \  20,  22,  47,  79]])"
        format: python
      return: false
  - testcases:
    - expression: is_magisch([[33, 40, 15, 76, 92, 51, 24, 99, 8, 67], [96, 78, 53,
        44, 35, 19, 62, 37, 71, 10], [89, 91, 66, 32, 48, 7, 55, 30, 64, 23], [27,
        34, 9, 100, 86, 75, 18, 93, 2, 61], [77, 84, 59, 50, 36, 25, 68, 43, 52, 11],
        [83, 90, 65, 26, 42, 1, 74, 49, 58, 17], [45, 47, 22, 88, 79, 63, 6, 81, 20,
        54], [95, 97, 72, 38, 29, 13, 56, 31, 70, 4], [39, 41, 16, 82, 98, 57, 5,
        80, 14, 73], [46, 28, 3, 94, 85, 69, 12, 87, 21, 60]])
      description:
        description: "is_magisch([[ 33,  40,  15,  76,  92,  51,  24,  99,   8,  67],\n\
          \            [ 96,  78,  53,  44,  35,  19,  62,  37,  71,  10],\n     \
          \       [ 89,  91,  66,  32,  48,   7,  55,  30,  64,  23],\n          \
          \  [ 27,  34,   9, 100,  86,  75,  18,  93,   2,  61],\n            [ 77,\
          \  84,  59,  50,  36,  25,  68,  43,  52,  11],\n            [ 83,  90,\
          \  65,  26,  42,   1,  74,  49,  58,  17],\n            [ 45,  47,  22,\
          \  88,  79,  63,   6,  81,  20,  54],\n            [ 95,  97,  72,  38,\
          \  29,  13,  56,  31,  70,   4],\n            [ 39,  41,  16,  82,  98,\
          \  57,   5,  80,  14,  73],\n            [ 46,  28,   3,  94,  85,  69,\
          \  12,  87,  21,  60]])"
        format: python
      return: false
  - testcases:
    - expression: is_magisch([[15, 76, 74, 33, 17, 90, 8, 99, 42, 51], [53, 44, 12,
        96, 60, 28, 71, 37, 85, 19], [65, 26, 24, 83, 67, 40, 58, 49, 92, 1], [72,
        38, 6, 95, 54, 47, 70, 31, 79, 13], [16, 82, 55, 39, 23, 91, 14, 80, 48, 57],
        [3, 94, 62, 46, 10, 78, 21, 87, 35, 69], [59, 50, 18, 77, 61, 34, 52, 43,
        86, 25], [66, 32, 5, 89, 73, 41, 64, 30, 98, 7], [9, 100, 68, 27, 11, 84,
        2, 93, 36, 75], [22, 88, 56, 45, 4, 97, 20, 81, 29, 63]])
      description:
        description: "is_magisch([[ 15,  76,  74,  33,  17,  90,   8,  99,  42,  51],\n\
          \            [ 53,  44,  12,  96,  60,  28,  71,  37,  85,  19],\n     \
          \       [ 65,  26,  24,  83,  67,  40,  58,  49,  92,   1],\n          \
          \  [ 72,  38,   6,  95,  54,  47,  70,  31,  79,  13],\n            [ 16,\
          \  82,  55,  39,  23,  91,  14,  80,  48,  57],\n            [  3,  94,\
          \  62,  46,  10,  78,  21,  87,  35,  69],\n            [ 59,  50,  18,\
          \  77,  61,  34,  52,  43,  86,  25],\n            [ 66,  32,   5,  89,\
          \  73,  41,  64,  30,  98,   7],\n            [  9, 100,  68,  27,  11,\
          \  84,   2,  93,  36,  75],\n            [ 22,  88,  56,  45,   4,  97,\
          \  20,  81,  29,  63]])"
        format: python
      return: false
  - testcases:
    - expression: is_magisch([[62, 90, 116, 36, 103, 88, 23, 8, 75, 21, 49], [2, 41,
        56, 108, 54, 28, 95, 69, 15, 82, 121], [74, 102, 7, 48, 115, 89, 35, 20, 87,
        33, 61], [98, 5, 31, 72, 18, 113, 59, 44, 100, 46, 85], [110, 17, 43, 84,
        30, 4, 71, 45, 112, 58, 97], [26, 65, 80, 11, 67, 52, 119, 93, 39, 106, 13],
        [38, 77, 92, 12, 79, 64, 10, 105, 51, 118, 25], [50, 78, 104, 24, 91, 76,
        22, 117, 63, 9, 37], [14, 53, 68, 120, 66, 40, 107, 81, 27, 94, 1], [86, 114,
        19, 60, 6, 101, 47, 32, 99, 34, 73], [111, 29, 55, 96, 42, 16, 83, 57, 3,
        70, 109]])
      description:
        description: "is_magisch([[ 62,  90, 116,  36, 103,  88,  23,   8,  75,  21,\
          \  49],\n            [  2,  41,  56, 108,  54,  28,  95,  69,  15,  82,
          121],\n            [ 74, 102,   7,  48, 115,  89,  35,  20,  87,  33,  61],\n\
          \            [ 98,   5,  31,  72,  18, 113,  59,  44, 100,  46,  85],\n\
          \            [110,  17,  43,  84,  30,   4,  71,  45, 112,  58,  97],\n\
          \            [ 26,  65,  80,  11,  67,  52, 119,  93,  39, 106,  13],\n\
          \            [ 38,  77,  92,  12,  79,  64,  10, 105,  51, 118,  25],\n\
          \            [ 50,  78, 104,  24,  91,  76,  22, 117,  63,   9,  37],\n\
          \            [ 14,  53,  68, 120,  66,  40, 107,  81,  27,  94,   1],\n\
          \            [ 86, 114,  19,  60,   6, 101,  47,  32,  99,  34,  73],\n\
          \            [111,  29,  55,  96,  42,  16,  83,  57,   3,  70, 109]])"
        format: python
      return: false
  - testcases:
    - expression: is_magisch([[5, 12, 139, 4, 135, 143, 1, 134, 8, 138, 142, 9], [80,
        73, 66, 81, 70, 62, 84, 71, 77, 67, 63, 76], [101, 108, 43, 100, 39, 47, 97,
        38, 104, 42, 46, 105], [41, 48, 103, 40, 99, 107, 37, 98, 44, 102, 106, 45],
        [53, 60, 91, 52, 87, 95, 49, 86, 56, 90, 94, 57], [116, 109, 30, 117, 34,
        26, 120, 35, 113, 31, 27, 112], [128, 121, 18, 129, 22, 14, 132, 23, 125,
        19, 15, 124], [137, 144, 7, 136, 3, 11, 133, 2, 140, 6, 10, 141], [89, 96,
        55, 88, 51, 59, 85, 50, 92, 54, 58, 93], [32, 25, 114, 33, 118, 110, 36, 119,
        29, 115, 111, 28], [20, 13, 126, 21, 130, 122, 24, 131, 17, 127, 123, 16],
        [68, 61, 78, 69, 82, 74, 72, 83, 65, 79, 75, 64]])
      description:
        description: "is_magisch([[  5,  12, 139,   4, 135, 143,   1, 134,   8, 138,
          142,   9],\n            [ 80,  73,  66,  81,  70,  62,  84,  71,  77,  67,\
          \  63,  76],\n            [101, 108,  43, 100,  39,  47,  97,  38, 104,\
          \  42,  46, 105],\n            [ 41,  48, 103,  40,  99, 107,  37,  98,\
          \  44, 102, 106,  45],\n            [ 53,  60,  91,  52,  87,  95,  49,\
          \  86,  56,  90,  94,  57],\n            [116, 109,  30, 117,  34,  26,
          120,  35, 113,  31,  27, 112],\n            [128, 121,  18, 129,  22,  14,
          132,  23, 125,  19,  15, 124],\n            [137, 144,   7, 136,   3,  11,
          133,   2, 140,   6,  10, 141],\n            [ 89,  96,  55,  88,  51,  59,\
          \  85,  50,  92,  54,  58,  93],\n            [ 32,  25, 114,  33, 118,
          110,  36, 119,  29, 115, 111,  28],\n            [ 20,  13, 126,  21, 130,
          122,  24, 131,  17, 127, 123,  16],\n            [ 68,  61,  78,  69,  82,\
          \  74,  72,  83,  65,  79,  75,  64]])"
        format: python
      return: false
